0.41 0.39 0.42 0.90 0.48 0.57 1.00 0.07 0.52 0.09 
0.80 0.84 0.88 0.21 0.07 0.29 0.91 0.19 0.15 0.26 
0.68 0.14 0.77 0.34 0.94 0.16 0.64 0.19 0.26 0.77 
0.29 0.03 0.58 0.51 0.15 0.40 0.85 0.86 0.88 0.16 
1.00 0.36 0.90 0.83 0.11 0.00 0.28 0.98 0.93 0.89 
0.81 0.13 0.55 0.09 0.28 0.68 0.31 0.85 0.10 0.18 
0.09 0.88 0.14 0.90 0.69 0.09 0.76 0.53 0.56 0.43 
0.18 0.25 0.75 0.03 0.03 0.96 0.14 0.64 0.20 0.79 
0.84 0.17 0.91 0.92 0.94 0.72 0.04 0.52 0.42 0.58 
0.69 0.09 0.43 0.73 0.03 0.91 0.63 0.41 0.40 0.84 
