167 181  29 160 149  43  59   3 113 198  23 168  27  59 162 
135  62 212  16 212 203  18 234 201 166 150  95 165 159  65 
220 245 163 155 220  18  51 113   0 235  22 195  98   4  75 
221  39 191  66 195  83 219  76 210 225  58  79 165  20 231 
190  54   8  87 200  69 140 239 208 254  52 199  30 214 169 
174 212 182  68 110  35  91 219  81 190 253 219 227 143  46 
151 250 170   6 224 244 127 125 214  64  83  24 253  32 241 
200 148 172 156  15  34  27  73 100  81  62  11 217 255  77 
207 251 147 230  73 249 141  83  46   9  98  12 164   8 134 
124 247  96 202   8 141  47 232  78  28 166  92 170  26 175 
118 255 117 210 174 180 133  89  55 252  63 178 215  91 171 
 22 245 102 152 104 244 202 142  96 191 143   4 232 165 158 
211 198 104 129 235 124 144 107  68 108   5 120  24  64 221 
 53  80 137 115  99  60 166 185 248 134 232 207 103 105 244 
212  33  30 104 252  92 151 193 226  19 112 124  32  78  35 
